#
podunk spawns
329.0,432.0,136,80
4,5,6,8,9,10,
25.0,25.0,25.0,25.0,25.0,25.0,
#
podunk spawns
401.0,529.0,96,81
4,5,6,8,9,10,
25.0,25.0,25.0,25.0,25.0,25.0,
#
podunk spawns
635.0,582.0,120,56
4,5,6,8,9,10,
25.0,25.0,25.0,25.0,25.0,25.0,
#
podunk spawns
852.0,615.0,88,112
4,5,6,8,9,10,
25.0,25.0,25.0,25.0,25.0,25.0,
#
podunk spawns
809.0,788.0,112,96
4,5,6,8,9,10,
25.0,25.0,25.0,25.0,25.0,25.0,
#
podunk spawns
817.0,902.0,128,80
4,5,6,8,9,10,
25.0,25.0,25.0,25.0,25.0,25.0,
#
podunk spawns
748.0,998.0,96,72
4,5,6,8,9,10,
25.0,25.0,25.0,25.0,25.0,25.0,
#
podunk spawns
1209.0,1228.0,96,104
4,5,6,8,9,10,
25.0,25.0,25.0,25.0,25.0,25.0,
#
podunk spawns
1388.0,1248.0,96,72
4,5,6,8,9,10,
25.0,25.0,25.0,25.0,25.0,25.0,
#
podunk spawns
1179.0,1377.0,136,72
4,5,6,8,9,10,
25.0,25.0,25.0,25.0,25.0,25.0,
#
podunk spawns
1366.0,1415.0,144,72
4,5,6,8,9,10,
25.0,25.0,25.0,25.0,25.0,25.0,
#
podunk spawns
985.0,1427.0,72,32
4,5,6,8,9,10,
25.0,25.0,25.0,25.0,25.0,25.0,
#
podunk spawns
956.0,1522.0,128,88
4,5,6,8,9,10,
25.0,25.0,25.0,25.0,25.0,25.0,
#
podunk spawns
0.0,0.0,32,32
4,5,6,8,9,10,
25.0,25.0,25.0,25.0,25.0,25.0,
#
podunk spawns
1103.0,1613.0,120,80
4,5,6,8,9,10,
25.0,25.0,25.0,25.0,25.0,25.0,
#
podunk spawns
999.0,1712.0,88,72
4,5,6,8,9,10,
25.0,25.0,25.0,25.0,25.0,25.0,
#
podunk spawns
2097.0,2336.0,72,72
4,5,6,8,9,10,
25.0,25.0,25.0,25.0,25.0,25.0,
#
podunk spawns
2288.0,2321.0,120,72
4,5,6,8,9,10,
25.0,25.0,25.0,25.0,25.0,25.0,
#
podunk spawns
2592.0,2277.0,112,40
4,5,6,8,9,10,
25.0,25.0,25.0,25.0,25.0,25.0,
