#
podunk spawns
329,432,136,80
4,5,6,8,9,10,
25.0,25.0,25.0,25.0,25.0,25.0,
#
podunk spawns
401,529,96,81
4,5,6,8,9,10,
25.0,25.0,25.0,25.0,25.0,25.0,
#
podunk spawns
635,582,120,56
4,5,6,8,9,10,
25.0,25.0,25.0,25.0,25.0,25.0,
#
podunk spawns
852,615,88,112
4,5,6,8,9,10,
25.0,25.0,25.0,25.0,25.0,25.0,
#
podunk spawns
809,788,112,96
4,5,6,8,9,10,
25.0,25.0,25.0,25.0,25.0,25.0,
#
podunk spawns
817,902,128,80
4,5,6,8,9,10,
25.0,25.0,25.0,25.0,25.0,25.0,
#
podunk spawns
748,998,96,72
4,5,6,8,9,10,
25.0,25.0,25.0,25.0,25.0,25.0,
#
podunk spawns
1209,1228,96,104
4,5,6,8,9,10,
25.0,25.0,25.0,25.0,25.0,25.0,
#
podunk spawns
1388,1248,96,72
4,5,6,8,9,10,
25.0,25.0,25.0,25.0,25.0,25.0,
#
podunk spawns
1179,1377,136,72
4,5,6,8,9,10,
25.0,25.0,25.0,25.0,25.0,25.0,
#
podunk spawns
1366,1415,144,72
4,5,6,8,9,10,
25.0,25.0,25.0,25.0,25.0,25.0,
#
podunk spawns
985,1427,72,32
4,5,6,8,9,10,
25.0,25.0,25.0,25.0,25.0,25.0,
#
podunk spawns
956,1522,128,88
4,5,6,8,9,10,
25.0,25.0,25.0,25.0,25.0,25.0,
#
podunk spawns
0,0,32,32
4,5,6,8,9,10,
25.0,25.0,25.0,25.0,25.0,25.0,
#
podunk spawns
1103,1613,120,80
4,5,6,8,9,10,
25.0,25.0,25.0,25.0,25.0,25.0,
#
podunk spawns
999,1712,88,72
4,5,6,8,9,10,
25.0,25.0,25.0,25.0,25.0,25.0,
#
podunk spawns
2097,2336,72,72
4,5,6,8,9,10,
25.0,25.0,25.0,25.0,25.0,25.0,
#
podunk spawns
2288,2321,120,72
4,5,6,8,9,10,
25.0,25.0,25.0,25.0,25.0,25.0,
#
podunk spawns
2592,2277,112,40
4,5,6,8,9,10,
25.0,25.0,25.0,25.0,25.0,25.0,
