4,5,6,8,9,10,
25.0,25.0,25.0,25.0,25.0,25.0,
3
50
4,5,6,8,9,10,7
25.0,25.0,25.0,25.0,25.0,25.0,25
4,5,105,11,6,12,7,8,9,10
25,25,25,25,25,25,25,25,25,25
13,14,4,15,17,16,18,19
25,25,25,25,25,25,25,25,
4,5,6,8,9,10,16
25.0,25.0,25.0,25.0,25.0,25.0,25
21,22,23,24,25,26,27,28,29,30
25,25,25,25,25,25,25,25,25,25
22,23,24,32,29
25,25,25,25,25
33,34,35,36,37,38,39
25,25,25,25,25,25,25
36,37,38,39
25,25,25,25
40,41,42,43,44,45,46,9
25,25,25,25,25,25,25,25
33,3
25,25
48,49,50,51,52
25,25,25,25,25
53,54,55,56,57,58
50,50,50,50,50,50
59,60,61,62
25,25,25,25
33,34,35,36,37,38,39,63
25,25,25,25,25,25,25,50